>> Launching SUMO (sumo) in Docker...
>> Waiting 3s for SUMO initialization...
>> Discovered 7 Junctions: ('C', 'E', 'N', 'NE', 'S', 'W', 'X_NE')

>> Episode 1/1 (Mode: actuated)...
Step     | Total Wait   | Avg Wait   | Avg Speed  | Queue   
------------------------------------------------------------

100      | 61.0         | 1.3        | 10.15      | 9       

200      | 205.0        | 3.1        | 8.72       | 20      

300      | 228.0        | 3.1        | 9.18       | 21      

400      | 280.0        | 3.6        | 9.01       | 18      

500      | 444.0        | 5.6        | 8.36       | 25      

600      | 234.0        | 3.2        | 8.22       | 19      

700      | 233.0        | 3.0        | 9.64       | 16      

800      | 262.0        | 3.7        | 8.73       | 24      

900      | 325.0        | 4.2        | 8.23       | 18      

1000     | 242.0        | 3.3        | 9.40       | 18      

1100     | 351.0        | 4.4        | 9.80       | 25      

1200     | 334.0        | 4.1        | 9.16       | 22      

1300     | 268.0        | 3.5        | 10.35      | 17      

1400     | 359.0        | 4.7        | 8.77       | 24      

1500     | 275.0        | 3.6        | 9.74       | 25      

1600     | 247.0        | 3.7        | 8.19       | 23      

1700     | 241.0        | 3.1        | 9.39       | 19      

1800     | 340.0        | 4.5        | 8.59       | 17      

1900     | 379.0        | 4.6        | 8.71       | 29      

2000     | 203.0        | 2.7        | 9.82       | 13      

2100     | 200.0        | 2.8        | 9.32       | 18      

2200     | 214.0        | 2.7        | 8.88       | 19      

2300     | 423.0        | 5.4        | 8.30       | 29      

2400     | 267.0        | 3.4        | 7.01       | 29      

2500     | 251.0        | 3.1        | 8.66       | 23      

2600     | 219.0        | 3.0        | 9.70       | 15      

2700     | 337.0        | 4.7        | 8.86       | 24      

2800     | 301.0        | 4.4        | 8.36       | 24      

2900     | 331.0        | 4.6        | 8.34       | 23      

3000     | 262.0        | 3.4        | 9.51       | 19      

3100     | 150.0        | 2.2        | 10.29      | 12      

3200     | 420.0        | 5.4        | 9.66       | 23      

3300     | 215.0        | 2.9        | 8.75       | 22      

3400     | 353.0        | 4.9        | 9.79       | 22      

3500     | 311.0        | 3.9        | 8.77       | 24      

3600     | 208.0        | 2.8        | 9.68       | 16      

3700     | 58.0         | 3.4        | 12.16      | 3       

3800     | 0.0          | 0.0        | 13.89      | 0       

>> Episode 1 Finished.

==============================
EPISODE 1 SUMMARY
==============================
Avg Wait/Veh   : 3.58
Avg Speed      : 9.26
==============================

>> Shutdown complete
