>> Launching SUMO (sumo) in Docker...
>> Waiting 3s for SUMO initialization...
>> Discovered 7 Junctions: ('C', 'E', 'N', 'NE', 'S', 'W', 'X_NE')

>> Episode 1/1 (Mode: fixed_time)...
Step     | Total Wait   | Avg Wait   | Avg Speed  | Queue   
------------------------------------------------------------
100      | 127.0        | 2.6        | 10.46      | 12      
200      | 686.0        | 7.7        | 8.09       | 39      
300      | 1118.0       | 11.1       | 7.54       | 49      
400      | 1695.0       | 14.9       | 6.43       | 64      
500      | 1626.0       | 13.3       | 6.36       | 67      
600      | 1359.0       | 12.0       | 5.93       | 68      
700      | 1663.0       | 14.7       | 6.12       | 68      
800      | 2518.0       | 20.5       | 6.00       | 82      
900      | 2951.0       | 21.4       | 6.09       | 85      
1000     | 2247.0       | 15.9       | 6.29       | 78      
1100     | 2373.0       | 16.3       | 6.10       | 88      
1200     | 1696.0       | 11.6       | 5.72       | 73      
1300     | 1953.0       | 13.4       | 6.66       | 80      
1400     | 1971.0       | 13.3       | 6.11       | 90      
1500     | 2735.0       | 17.4       | 4.99       | 107     
1600     | 2573.0       | 17.2       | 5.50       | 92      
1700     | 2684.0       | 17.7       | 6.23       | 96      
1800     | 2830.0       | 19.0       | 5.69       | 88      
1900     | 1958.0       | 13.1       | 6.67       | 79      
2000     | 2713.0       | 16.3       | 5.69       | 97      
2100     | 2203.0       | 13.6       | 5.36       | 101     
2200     | 2749.0       | 17.4       | 6.33       | 96      
2300     | 3319.0       | 19.8       | 5.91       | 107     
2400     | 5680.0       | 32.8       | 6.74       | 125     
2500     | 8737.0       | 45.5       | 5.84       | 132     
2600     | 3061.0       | 15.2       | 6.17       | 125     
2700     | 4291.0       | 21.1       | 4.64       | 149     
2800     | 3566.0       | 16.9       | 6.01       | 132     
2900     | 4238.0       | 19.8       | 5.21       | 138     
3000     | 3811.0       | 19.3       | 4.75       | 135     
3100     | 3503.0       | 17.4       | 5.86       | 121     
3200     | 2977.0       | 16.6       | 5.00       | 95      
3300     | 2824.0       | 17.2       | 5.47       | 102     
3400     | 1924.0       | 11.9       | 5.96       | 94      
3500     | 3486.0       | 19.7       | 7.08       | 125     
3600     | 4434.0       | 25.5       | 6.01       | 143     
3700     | 3303.0       | 26.0       | 7.16       | 88      
3800     | 2834.0       | 30.5       | 8.40       | 67      
3900     | 1120.0       | 23.8       | 10.55      | 24      
4000     | 1016.0       | 46.2       | 11.29      | 18      
4100     | 0.0          | 0.0        | 13.31      | 0       
4200     | 0.0          | 0.0        | 13.79      | 0       
4300     | 0.0          | 0.0        | 13.44      | 0       

>> Episode 1 Finished.

==============================
EPISODE 1 SUMMARY
==============================
Avg Wait/Veh   : 17.34
Avg Speed      : 6.95
==============================

>> Shutdown complete
